9.346305483415078275e-01
8.391861076881840242e-01
8.390849564141984462e-01
8.370581716048037801e-01
8.370246107186161133e-01
8.313866597051515761e-01
8.311875235690899810e-01
8.154947734601799558e-01
8.154599442468049020e-01
8.126031686882012606e-01
8.124936666891794390e-01
8.074604782925866031e-01
8.074409334762370216e-01
8.066008463043561338e-01
8.065204108613387435e-01
7.999349031793270282e-01
7.998032111726705029e-01
7.948249487725372875e-01
7.947004648660642712e-01
7.930894403729616959e-01
7.930720751446548311e-01
7.899767069693913735e-01
7.898878521047794088e-01
7.828430467352900379e-01
7.828213006710262878e-01
7.805330854238491378e-01
7.803162388838551511e-01
7.799565256077890529e-01
7.799396675134969703e-01
7.712111818118367879e-01
7.710605616196912759e-01
7.684153686879592327e-01
7.682484224771853887e-01
7.664006868965757002e-01
7.663792653595393745e-01
7.653285468415079729e-01
7.653254878032165198e-01
7.597247630219166048e-01
7.597087509663056348e-01
7.592623882537751223e-01
7.592572195712766758e-01
7.578726319725983540e-01
7.578222160982136524e-01
7.527752518495999245e-01
7.525779353522483728e-01
7.506052554520239450e-01
7.505543159605695402e-01
7.474223313605345975e-01
7.473990728925365978e-01
7.411009033822180125e-01
7.410455019476664962e-01
7.353212650910092574e-01
7.351953726802117339e-01
7.318935272855173757e-01
7.317602538125327349e-01
7.316845393497486416e-01
7.316638969826045891e-01
7.297273287057650659e-01
7.297021263523110202e-01
7.296871074958941605e-01
7.295684141764267050e-01
7.294882610219753927e-01
7.290328859325302391e-01
7.280336938036187089e-01
7.278613110500595784e-01
7.277238006422842576e-01
7.276752471686763757e-01
7.254169953004171445e-01
7.253781222510129467e-01
7.241895734350881630e-01
7.240869212615729245e-01
7.225366112437610067e-01
7.225153456523762951e-01
7.222501339517218844e-01
7.222228880832300968e-01
7.198049095370006034e-01
7.196321805891435774e-01
7.189969731828462773e-01
7.189202668580791933e-01
7.185992467983076670e-01
7.185321633701882149e-01
7.161153265805723089e-01
7.158585906258740916e-01
7.156066728373204899e-01
7.154529671286934400e-01
7.144874224735335844e-01
7.144181209025726176e-01
7.141838930717790968e-01
7.141837349668576085e-01
7.139069640218425050e-01
7.138058341199713386e-01
7.106716221148974277e-01
7.106536493304220770e-01
7.101640340909973759e-01
7.099029020046673244e-01
7.096094189677666364e-01
7.095104495905673048e-01
7.087405930116958963e-01
7.087398769501934703e-01
7.084611345214929523e-01
7.084452299058847657e-01
7.081703866118124191e-01
7.080276200259729702e-01
7.068510786665866963e-01
7.068181472434262869e-01
7.067240059561054055e-01
7.065879753527032348e-01
7.058878653622835397e-01
7.058500685104504013e-01
7.018305583109721857e-01
7.015814417750364518e-01
7.000821437035059658e-01
6.999804674710300434e-01
6.997716414837223953e-01
6.995231676557933653e-01
6.990709512300702366e-01
6.988088115136912304e-01
6.975970873364387703e-01
6.974087816514207283e-01
6.969800990405397023e-01
6.969741523264233463e-01
6.962466058243023115e-01
6.962236999051663044e-01
6.958463455897867522e-01
6.958387768833457221e-01
6.955188842984076913e-01
6.955063115588011602e-01
6.929285845210336747e-01
6.929269846878739481e-01
6.925454813990832292e-01
6.924089579143067885e-01
6.923428947733809569e-01
6.922377475533160185e-01
6.887858624204533653e-01
6.887548962858328627e-01
6.869194152323127023e-01
6.867663419860067231e-01
6.826098743709734240e-01
6.825730642010050531e-01
6.818872953171065676e-01
6.818712882547351972e-01
6.818475790771957312e-01
6.818312928790379868e-01
6.816925332213027433e-01
6.815285432137806465e-01
6.792738948016514566e-01
6.789560607050932894e-01
6.778091546891555907e-01
6.778006407130938715e-01
6.769818177206960996e-01
6.769365391958037659e-01
6.759128105149122545e-01
6.756526188856923909e-01
6.723636718199345053e-01
6.721755366935676657e-01
6.720818203759343357e-01
6.718773489730508475e-01
6.691220376595093944e-01
6.691152907438184805e-01
6.680025998195484593e-01
6.679372767855772386e-01
6.655995745821641218e-01
6.652738820507282380e-01
6.652079933570653747e-01
6.646267956508774555e-01
6.641088230797431713e-01
6.637061564123983848e-01
6.636881791041514544e-01
6.636754669314288702e-01
6.632725648714437039e-01
6.631894686240871195e-01
6.628866339797927498e-01
6.626489615844229908e-01
6.612274826238815351e-01
6.612053829244920466e-01
6.610301329399507209e-01
6.605634009299029552e-01
6.588395154955417610e-01
6.583995999803766708e-01
6.582372977811553616e-01
6.581337815109015166e-01
6.575382635736315429e-01
6.573340168697803243e-01
6.570005960339790896e-01
6.568152996825227241e-01
6.562808192151158293e-01
6.562054880745228358e-01
6.559081817253731295e-01
6.557355180711708087e-01
6.556433562168587637e-01
6.554287798548671384e-01
6.548580337696759957e-01
6.547338408200445992e-01
6.540496950473299043e-01
6.539973398991301146e-01
6.535724280344941128e-01
6.535110983231938730e-01
6.535067215677555774e-01
6.534932693881788657e-01
6.526245304632481981e-01
6.522886615523976195e-01
6.518748431746345107e-01
6.518317728067739569e-01
6.514703150187418634e-01
6.510854238348141587e-01
6.510683095574111290e-01
6.510159902048880953e-01
6.498883907100865276e-01
6.493957978248423579e-01
6.487809838277542873e-01
6.483900738278554066e-01
6.480779376219027998e-01
6.480225126201633046e-01
6.477362086290892051e-01
6.475233567645868327e-01
6.471503412806988154e-01
6.470633017250293495e-01
6.467903497659861500e-01
6.464525794903055456e-01
6.461636864845341499e-01
6.457850121982936509e-01
6.456750007258641455e-01
6.451414039738078143e-01
6.447068323235540799e-01
6.447010420663967789e-01
6.446560261449202356e-01
6.444183842509413340e-01
6.435300111904782572e-01
6.430363092663136104e-01
6.422508260465656926e-01
6.422287924771304946e-01
6.411492964127768479e-01
6.410116413965198934e-01
6.401954757166240517e-01
6.401182084974517128e-01
6.398658705060573659e-01
6.393441512319464337e-01
6.392667715614060997e-01
6.387612334578746109e-01
6.372435389585660026e-01
6.371572268178660181e-01
6.368316295701227370e-01
6.360093349059610102e-01
6.354702667502065694e-01
6.352443773621464507e-01
6.347014090497294925e-01
6.345752157951970451e-01
6.341796084594389926e-01
6.340343636757181933e-01
6.336519133833540263e-01
6.328695838552045316e-01
6.326099144828255527e-01
6.325728321799444220e-01
6.321375945328130408e-01
6.321337389629186898e-01
6.320311826841549241e-01
6.319574639737219890e-01
6.309845931299826738e-01
6.307123453358515208e-01
6.304599916926069136e-01
6.298875466573635729e-01
6.288899890091198541e-01
6.288118628258561049e-01
6.286708122086600570e-01
6.286691238741740628e-01
6.283650839578619474e-01
6.278422442623239341e-01
6.265636168699136865e-01
6.265273108860681672e-01
6.263726005969252331e-01
6.258113618664709055e-01
6.253734849798566753e-01
6.253455093564612710e-01
6.248563794748595024e-01
6.244270419805300065e-01
6.228867758572418367e-01
6.224745909563634827e-01
6.212372468936819825e-01
6.206834882506258033e-01
6.203159006349362459e-01
6.198521875296574279e-01
6.196967149562810917e-01
6.187379937783867856e-01
6.184906797791361877e-01
6.183130584469042068e-01
6.181209985387855488e-01
6.179214494593966434e-01
6.174189477529227199e-01
6.168782121574429844e-01
6.151606093313909396e-01
6.149693743700818116e-01
6.146362877910507283e-01
6.144968537417374588e-01
6.139277810822768577e-01
6.129318211966217067e-01
6.118568177200540692e-01
6.115103849332368391e-01
6.112168381629203839e-01
6.112108854163927907e-01
6.108495946016849754e-01
6.108428330847791576e-01
6.102531700935168724e-01
6.102401160968745630e-01
6.100782318204117649e-01
6.099768333425393818e-01
6.092603601763164622e-01
6.087038335193190042e-01
6.085239391509438267e-01
6.075876659791394907e-01
6.073175175613126919e-01
6.069645959405738367e-01
6.068383087149348265e-01
6.068377009920306042e-01
6.056947899103709565e-01
6.054286667192981808e-01
6.052689269779899517e-01
6.052254090799440434e-01
6.049127562895515453e-01
6.041180908840243502e-01
6.040706694955414457e-01
6.032364338678110061e-01
6.023067906572308061e-01
6.013867278379081416e-01
6.013290597081063504e-01
6.013283058844588469e-01
6.005318649140632958e-01
5.998937741014996883e-01
5.997657775985538731e-01
5.995546084700432710e-01
5.991429065790393471e-01
5.990060519887898671e-01
5.988711664696361181e-01
5.981550296186637361e-01
5.981203495588650609e-01
5.979409732451336223e-01
5.976438349130186456e-01
5.969571336615637769e-01
5.966754615413373264e-01
5.964539647229696318e-01
5.962391554481708544e-01
5.962227462753127982e-01
5.956539723266646158e-01
5.952418312677387746e-01
5.951052248910316811e-01
5.943329893035282918e-01
5.941224226485551929e-01
5.937181261405334309e-01
5.930923365266318470e-01
5.927845207176694053e-01
5.927500863519026275e-01
5.918551796744440097e-01
5.908729268910952737e-01
5.903942871376851587e-01
5.902357518543687176e-01
5.898332887888485532e-01
5.897587267893193985e-01
5.895031487243799218e-01
5.892649257946869223e-01
5.890518226202389185e-01
5.889092386290116776e-01
5.879563358196591150e-01
5.874794177711304410e-01
5.873780588668046088e-01
5.873635017130011127e-01
5.862016448736490082e-01
5.859899629807335808e-01
5.855061496666497112e-01
5.852360924456001534e-01
5.851988013146536272e-01
5.851074889401419732e-01
5.850720099110954253e-01
5.850542516022613215e-01
5.845555761834638764e-01
5.845417964069705707e-01
5.837094730461747094e-01
5.834967634126245750e-01
5.822373263896621909e-01
5.820689959650718892e-01
5.817654618750716100e-01
5.816489802133727460e-01
5.811748593627705795e-01
5.810890030036593989e-01
5.805586820468807696e-01
5.805146399012708347e-01
5.785500900533915303e-01
5.782704568648007193e-01
5.779564599542229564e-01
5.778016045711635851e-01
5.777708185966112797e-01
5.776790773943760726e-01
5.774442579521754659e-01
5.773069076091646989e-01
5.741486305738856544e-01
5.739289187613881849e-01
5.726277626396619747e-01
5.725992323905501058e-01
5.713797832674706312e-01
5.712096901363656887e-01
5.709104085067134848e-01
5.707673697690986980e-01
5.700688355643533933e-01
5.700244604194093512e-01
5.700055646780878282e-01
5.688529415669748568e-01
5.684132155220728011e-01
5.681317189610307627e-01
5.679392864263452800e-01
5.677240916030426021e-01
5.675925048605852119e-01
5.673276493804262355e-01
5.669750612481249119e-01
5.669356086655792382e-01
5.664950706580075268e-01
5.662925815555587272e-01
5.661039662320801469e-01
5.658706601699012850e-01
5.652850918964831273e-01
5.650773601444770700e-01
5.634968082717783933e-01
5.633489287963057146e-01
5.629657875130640310e-01
5.624155889779988149e-01
5.618200664848792547e-01
5.616771720496663844e-01
5.603707551884210547e-01
5.603495247701258952e-01
5.571183060400197729e-01
5.571050137303273919e-01
5.566943489714464288e-01
5.566144820048810615e-01
5.531901720715740600e-01
5.528002167226506725e-01
5.522724144122591605e-01
5.522012652202477057e-01
5.504872627757936288e-01
5.504665880239372200e-01
5.488321421319917182e-01
5.487281026082441171e-01
5.436895130881674865e-01
5.432063004699949627e-01
5.400324109900184189e-01
5.400197333634080277e-01
5.365778105633126627e-01
5.365049189274641028e-01
5.357769923933510814e-01
5.354394131572305371e-01
5.349144334231622500e-01
5.348310451791803422e-01
5.309022556238282009e-01
5.308192195336443042e-01
5.304558695937661161e-01
5.301968930574950667e-01
5.268825950960093207e-01
5.263592148356079914e-01
5.224229394561861195e-01
5.223436542009669559e-01
5.212779170635514214e-01
5.211646254682965607e-01
5.198181573173767944e-01
5.194228827078831712e-01
5.130561312219314996e-01
5.122766088975457821e-01
5.080095533538904196e-01
5.079063652325427336e-01
4.973790470770579897e-01
4.973757238284468585e-01
4.863197593220467962e-01
4.862675116790033392e-01
4.794498556634480546e-01
4.794155535120254163e-01
4.768544773368854628e-01
4.765817628214680246e-01
4.519503558147695554e-01
4.519060930367942985e-01
4.370978866851801259e-01
4.370746998066472599e-01
4.283552998198708051e-01
4.282168816916970266e-01
0.000000000000000000e+00
