9.492773850054798679e-01
8.626003109121302970e-01
8.622170718028384639e-01
8.616684149142658233e-01
8.616048045823462287e-01
8.153012873282177164e-01
8.152755734970017487e-01
8.084468482987849924e-01
8.084456940256757873e-01
8.083375599456592564e-01
8.082186466909915268e-01
8.069619224444264383e-01
8.069488005881066961e-01
7.996922793137049013e-01
7.996245982931807772e-01
7.931809829949577617e-01
7.931208782686416381e-01
7.855059766780850827e-01
7.854945498823949768e-01
7.781414181589079160e-01
7.780469625441700510e-01
7.730229413470233180e-01
7.730220790709658729e-01
7.697353781688490715e-01
7.697196758640487690e-01
7.651832375517899631e-01
7.651247189571485086e-01
7.635254897202020663e-01
7.635174521511585155e-01
7.630388851959484242e-01
7.630372390260036219e-01
7.616522856215217629e-01
7.616189966869609806e-01
7.564265730257344611e-01
7.564163724484159745e-01
7.509983992850763901e-01
7.506722991314239701e-01
7.481686996088728892e-01
7.480813702387568709e-01
7.468397088839121567e-01
7.467433850457255717e-01
7.455916720161043232e-01
7.454480519702240127e-01
7.450290426980882286e-01
7.450217401724978927e-01
7.414095137548117886e-01
7.412660274578879438e-01
7.410104248704493246e-01
7.410011074274341913e-01
7.378116279864774807e-01
7.376831266807639675e-01
7.346315235118071607e-01
7.345355446845220904e-01
7.328569500212854804e-01
7.328226059173973406e-01
7.247682734866935927e-01
7.247611840566136054e-01
7.238838122215445203e-01
7.238812880189957610e-01
7.195439101924000491e-01
7.195020889025266486e-01
7.138388225459533221e-01
7.137884325371199878e-01
7.136849700513189232e-01
7.135757544582763678e-01
7.108476878430826096e-01
7.106684185498151063e-01
7.105540340812701583e-01
7.105488650222411273e-01
7.093131317823166970e-01
7.093104840374678810e-01
7.074489175365131777e-01
7.073425615370321218e-01
7.053875747825546494e-01
7.052255486410405894e-01
7.044021087632535982e-01
7.042123499276000675e-01
7.041065390994258877e-01
7.039673937546319094e-01
7.031716206349890586e-01
7.031673209096305222e-01
7.005372686046010822e-01
7.005105523851606897e-01
6.979775727278867414e-01
6.979404060878199312e-01
6.975125463898896871e-01
6.974990644141935148e-01
6.960599394433120146e-01
6.960597759391051742e-01
6.954839013070787113e-01
6.954253897975428700e-01
6.954141160142645051e-01
6.953550672548799438e-01
6.942397198341666575e-01
6.942328195955758119e-01
6.932303946994321509e-01
6.931723238516206420e-01
6.917039887306344337e-01
6.916510323365724355e-01
6.909019672796290479e-01
6.908658831186083038e-01
6.906514704876568489e-01
6.904312131028005339e-01
6.900602874727040925e-01
6.900139193179726238e-01
6.890705925269645649e-01
6.889229372775041993e-01
6.874118728708363824e-01
6.872740022722154674e-01
6.862567419758367482e-01
6.862523659662204123e-01
6.855866949687308143e-01
6.855570383888326402e-01
6.851008865164914807e-01
6.850637751179113888e-01
6.845481738722045684e-01
6.844796868028079073e-01
6.816290583232637035e-01
6.811810056854955553e-01
6.809452838838663258e-01
6.809452330447745005e-01
6.808319901627239989e-01
6.807761227692149530e-01
6.805383728161809032e-01
6.805192982848667915e-01
6.791103902089279387e-01
6.789589850048444175e-01
6.777913309854868285e-01
6.777708963919470975e-01
6.769260865628080603e-01
6.768355455562498069e-01
6.763775098545149467e-01
6.762740606469587190e-01
6.759772785382108795e-01
6.759497277934793935e-01
6.744461508103596348e-01
6.744375472931452009e-01
6.736790447115506009e-01
6.734248950919708987e-01
6.715883386775770569e-01
6.715122731411989898e-01
6.713114169976009959e-01
6.711134171579878904e-01
6.706383925475366548e-01
6.705713424198378458e-01
6.704695645086663491e-01
6.703390803162383449e-01
6.691151872821067270e-01
6.688236132691308677e-01
6.670434436366554642e-01
6.667526386793498627e-01
6.665475099173706619e-01
6.664289867223776032e-01
6.663499797607431718e-01
6.658656256032090548e-01
6.650794106257530425e-01
6.650551479414741340e-01
6.612173818015045779e-01
6.611624074459261369e-01
6.603584270780514798e-01
6.603412977355217484e-01
6.601133823084949226e-01
6.601018044361802728e-01
6.600869017911837888e-01
6.600533046906559287e-01
6.598584050223093023e-01
6.597767577726737498e-01
6.593635027783788516e-01
6.592877779983885578e-01
6.591217210397087856e-01
6.590883812186218993e-01
6.590306936694235729e-01
6.589591596436630283e-01
6.572902594365302997e-01
6.572736858536872839e-01
6.567213884300115989e-01
6.566329983982681640e-01
6.563130802568417632e-01
6.562156839523595186e-01
6.560944898684960558e-01
6.556877448400708630e-01
6.549158248400317461e-01
6.548659353748460532e-01
6.545669419634571051e-01
6.545181748118056309e-01
6.542130011906132081e-01
6.541485115276985951e-01
6.535835036411327126e-01
6.535186618999805352e-01
6.533828576610172245e-01
6.533410993255194255e-01
6.518572729988774128e-01
6.513640383904839570e-01
6.503762455219747052e-01
6.501803463704441954e-01
6.494692342803844998e-01
6.492773701006987475e-01
6.487233418717244238e-01
6.479189046539450825e-01
6.473841794052177523e-01
6.472033809404638127e-01
6.460819126257649758e-01
6.460562788495176623e-01
6.458525873436992137e-01
6.457161513863839408e-01
6.457035073302018757e-01
6.456863987189619403e-01
6.456055396105320199e-01
6.455538696274800703e-01
6.453800146211534638e-01
6.452481952537608700e-01
6.444273317227031672e-01
6.443973368620120601e-01
6.429643892779526304e-01
6.429224438270465525e-01
6.428077228879831573e-01
6.427433955500052587e-01
6.419032251589368299e-01
6.416889155153114865e-01
6.407912261376593754e-01
6.406007877784265503e-01
6.399831972183981366e-01
6.399632554776594207e-01
6.399299449256050654e-01
6.393125370392961360e-01
6.391815088452179605e-01
6.390098577945904079e-01
6.386101848580671980e-01
6.383591678944140480e-01
6.378717373492113207e-01
6.369516216735133796e-01
6.352442908403597155e-01
6.352291236600501323e-01
6.345691942922655482e-01
6.344617242347436736e-01
6.340296464195938064e-01
6.339596013875518077e-01
6.336400373178504575e-01
6.335379485520844511e-01
6.327901090699398212e-01
6.325381952190449741e-01
6.319507971081775866e-01
6.316754205751869966e-01
6.313420216481071545e-01
6.312951218327521596e-01
6.306255631661805694e-01
6.305180070180292917e-01
6.301206115539270680e-01
6.300825733452414257e-01
6.298929411716188698e-01
6.297841940010149298e-01
6.289159986511114742e-01
6.287925024299253485e-01
6.286552008223034171e-01
6.285377828594015392e-01
6.276116772805490074e-01
6.275284242437667581e-01
6.273075675176066346e-01
6.271921891444611763e-01
6.270640810410331722e-01
6.270000224643846876e-01
6.258743227021085209e-01
6.255231814205001184e-01
6.252181325150691915e-01
6.251482394709395596e-01
6.247723290873288260e-01
6.246167459977750580e-01
6.236867500783105367e-01
6.231717964900614914e-01
6.224277999399042693e-01
6.223684388121430988e-01
6.217748226371571096e-01
6.217192366772983370e-01
6.209524177959667712e-01
6.205304436613409136e-01
6.204943246761929210e-01
6.201573386516855413e-01
6.196299725352690801e-01
6.194876222524489107e-01
6.191720436951176909e-01
6.183200287767596226e-01
6.177584571554863846e-01
6.177368539514150880e-01
6.159889533187415944e-01
6.159663530654829744e-01
6.155957082519029067e-01
6.149035017963982996e-01
6.139634605542241275e-01
6.136002094665157225e-01
6.127605618114365660e-01
6.126821895800027562e-01
6.122296381594253267e-01
6.120433333880078708e-01
6.119253987895436619e-01
6.114337208210260943e-01
6.112900361501257818e-01
6.110324895010791346e-01
6.108685647176936850e-01
6.105667790972193476e-01
6.103132277098274328e-01
6.101919203755613585e-01
6.094085240596814890e-01
6.093278816959367683e-01
6.092088140799696294e-01
6.089576937288808667e-01
6.087374119400368322e-01
6.086319348884315916e-01
6.086150821209380668e-01
6.081922838950931665e-01
6.079407226078740178e-01
6.078826165755818467e-01
6.072351384461609491e-01
6.069789076402785089e-01
6.069139972896145929e-01
6.065617525456763470e-01
6.062097679770203085e-01
6.060591507681171164e-01
6.059013299157405275e-01
6.046470688495203527e-01
6.039936167299765346e-01
6.036070307630081455e-01
6.031817716877941882e-01
6.028923029609148942e-01
6.022829485577834152e-01
6.022614024433241564e-01
6.013789884130322783e-01
6.013548708451301739e-01
6.008375680252902029e-01
6.005443557229322993e-01
6.003990171819068022e-01
5.999830847353125884e-01
5.993818781541144780e-01
5.992157436636483814e-01
5.988906827109948816e-01
5.987895726633342131e-01
5.984497796040240125e-01
5.984300917460803060e-01
5.982057024749977137e-01
5.979819220904164512e-01
5.979357833330561922e-01
5.967513855621107144e-01
5.966013223196752202e-01
5.965674677776173773e-01
5.963281809585279092e-01
5.949971864336673910e-01
5.948636802573398219e-01
5.944580767409840538e-01
5.936183598899388292e-01
5.926630841769136016e-01
5.925661422133132739e-01
5.922331194385256348e-01
5.910893267839623100e-01
5.902850024451339328e-01
5.902765707426539388e-01
5.899751353788004193e-01
5.896677779249765994e-01
5.884185780722221981e-01
5.883183128751628965e-01
5.865243635028669633e-01
5.864081091939484791e-01
5.857161905297679771e-01
5.856805695650273424e-01
5.849699881938015267e-01
5.841784826972170608e-01
5.836539715632914627e-01
5.833276959813571416e-01
5.831965363059584684e-01
5.830347184504098834e-01
5.821696555230601033e-01
5.820276290915882278e-01
5.805513554577578228e-01
5.802729146228838841e-01
5.800484367925778928e-01
5.798977335009655176e-01
5.794614104910084107e-01
5.793845067223073464e-01
5.792939904719400790e-01
5.792500365153100406e-01
5.789505646351399415e-01
5.785545273597342275e-01
5.782751098236401655e-01
5.776515460113058609e-01
5.774091906493780124e-01
5.773314391613950658e-01
5.749311185479876185e-01
5.745814590604825245e-01
5.745075170532470965e-01
5.739238704363450738e-01
5.732561750667629630e-01
5.730911127821620710e-01
5.730775467494989561e-01
5.728474327007578859e-01
5.712761384439908330e-01
5.712494946286600372e-01
5.706587835552857646e-01
5.696564672221982040e-01
5.686612272918628586e-01
5.683760286351141611e-01
5.680163964154112399e-01
5.674509630300276219e-01
5.656000701246677309e-01
5.652582915643311612e-01
5.650182747559824303e-01
5.649004734277671691e-01
5.648756006643972372e-01
5.645971603585832055e-01
5.624633450148507352e-01
5.623559769433503774e-01
5.621500422928388252e-01
5.619824450232326907e-01
5.604418359792914250e-01
5.604149577727921550e-01
5.587351767731156826e-01
5.584754411109107419e-01
5.581269721156025820e-01
5.574007903277794496e-01
5.559080773486352323e-01
5.556032589406676436e-01
5.555125399583974444e-01
5.554734138493442330e-01
5.545972279834174845e-01
5.542426508598418122e-01
5.538585557476937149e-01
5.532138849996336427e-01
5.529275254015316721e-01
5.522259630474143366e-01
5.508230872425753377e-01
5.506553933773666865e-01
5.498138984941702834e-01
5.495125942708034561e-01
5.483639987315874764e-01
5.482780372706711480e-01
5.482553964684647729e-01
5.480420309624396413e-01
5.467689347326059046e-01
5.463666139128442456e-01
5.456432514041265058e-01
5.456205027326306300e-01
5.440921566413154942e-01
5.440260444802673678e-01
5.439845920988901629e-01
5.439288671557624966e-01
5.434291045158352595e-01
5.433730796708814426e-01
5.388968228147688055e-01
5.388834890099318820e-01
5.367552720653580023e-01
5.365388596676698985e-01
5.323689255800988507e-01
5.323483441196431576e-01
5.320292203283996102e-01
5.318900762179000763e-01
5.256379458276756456e-01
5.254320648251034065e-01
5.245527415383830494e-01
5.245187956959600495e-01
5.244553283911440600e-01
5.241901831694780745e-01
5.212234299506693924e-01
5.211144287341283876e-01
5.208996131828056431e-01
5.208663232781944874e-01
5.200584800101586413e-01
5.199083842796714539e-01
5.150889942358271023e-01
5.150172910523879155e-01
5.002603546385353539e-01
5.001790712600622246e-01
4.959175539952322964e-01
4.957276146194217747e-01
4.818635084746394348e-01
4.815724458304696531e-01
4.762338378887916446e-01
4.761470043021593379e-01
4.651056051113345857e-01
4.650362962963412450e-01
4.570607216619553825e-01
4.570324488068225333e-01
4.443813934941843735e-01
4.443351911266965049e-01
4.416718505363014802e-01
4.415255743382155429e-01
4.347216240566095236e-01
4.343576777558842417e-01
0.000000000000000000e+00
